10000
1621
2
2987
2260
4159
4989
3471
1572
1792
4255
1870
2982
1094
366
2098
343
2937
2548
4173
2986
3331
978
2124
3979
533
2309
3795
2229
2565
1752
897
1084
3205
1256
3226
2519
4585
1418
3651
223
684
4686
2298
1616
1971
3993
388
2257
3199
60
1673
594
4944
4862
2007
1640
3454
1104
4669
4043
358
3230
423
3454
4644
176
602
1054
3465
4899
4104
4454
1399
198
3147
188
2811
4761
1056
4091
168
1124
3953
2968
1010
3949
3746
2086
1211
4527
3903
286
4397
3544
3604
49
3540
1919
4573
4230
4595
3887
3571
589
605
354
4913
830
170
2533
1349
514
3160
957
4604
306
779
2434
1769
3863
2332
554
4918
4996
4451
4004
4325
3534
2614
4966
1106
4718
4100
4518
3671
2809
1703
4850
4394
1258
625
2859
2558
1837
1990
1264
4720
713
4002
3186
2092
2668
4024
3990
4543
720
3259
1905
4461
3491
38
2638
3429
3180
276
690
2528
2463
577
830
4156
2850
1270
3090
495
3148
924
228
2679
4960
4126
170
346
4467
2708
4785
3585
2956
346
865
665
2748
4924
1746
436
1246
2668
2399
522
4050
1637
2593
3973
98
2590
63
3932
3708
4907
3281
3161
3762
2092
1293
3939
4750
2764
1464
2981
2793
4435
4329
811
2843
1275
4268
2634
4099
2030
4788
1815
3517
8
3274
3410
559
3535
2801
143
2759
4352
4900
3151
4894
3748
4186
207
146
446
2152
3976
979
1329
4066
4306
1868
2442
2444
911
3866
1730
411
4583
4211
3929
1763
1286
3353
2023
412
2322
4883
174
2879
4170
1268
300
4806
1197
4671
4175
2614
1365
3144
660
837
1504
157
2010
2190
1291
4018
4630
3848
2721
4199
2871
4982
2422
1032
4208
3296
1706
948
3023
2093
3363
2091
901
1684
535
4472
4982
4676
1067
1844
3553
2187
4685
3002
3779
3985
496
4711
1433
2112
2775
646
1472
1665
2789
2139
4764
3763
3104
404
591
237
194
4607
2101
500
1723
4098
4393
2011
3928
954
1285
1901
1331
2933
2086
154
1329
1372
2676
633
3730
361
4087
179
249
4077
2156
2546
2944
4913
2666
1630
4394
1033
2590
1765
2903
4358
4770
2767
1391
4813
4248
4421
1841
23
715
1359
248
4309
617
3531
3407
3886
1708
1945
751
194
4008
1693
3658
2575
2519
1725
4465
4277
3572
3023
3500
724
3607
2319
381
1057
1247
1506
280
4335
153
1169
604
1462
4939
106
2645
1311
567
4307
2123
4808
3364
1110
3634
2074
2494
4434
3822
339
4568
2063
3631
3325
1881
2117
305
1315
4328
2940
1418
4539
2180
1463
3061
225
3883
501
1822
9
232
2351
4019
2644
4973
2004
4493
2522
3060
1734
3469
3167
1493
964
4198
2439
2689
51
314
2143
2433
3722
4913
1108
4324
3392
582
2942
1972
3237
842
2375
3838
433
4457
387
3638
2031
2592
346
2277
2933
4278
1762
756
574
2778
2161
2342
3049
1114
1785
1710
2592
1766
206
2792
2993
4545
3855
345
4184
2017
4147
4238
2869
3690
1810
1691
2084
1052
3635
3541
2223
8
2902
4894
1460
4775
1605
4416
1731
3356
3298
2880
232
1545
3191
732
3057
4486
1947
645
2765
3423
4204
1756
349
4282
3619
3045
3911
3620
1580
3416
3003
2982
3290
1403
4122
3249
4142
2153
1841
1122
1648
3875
84
3466
1071
3557
2727
2103
218
4571
3356
1505
2332
3186
1616
2586
935
1855
2369
1828
3071
1602
447
2318
2896
1086
960
4916
4327
734
1866
3585
4178
2872
2389
1787
2937
1646
1990
4261
4324
1339
2907
1840
550
1894
1880
2482
3487
2032
3924
1831
1470
1486
1342
2198
4895
1509
2814
4504
4228
4543
1342
4138
2107
3949
99
1435
3844
577
1519
3632
1879
4883
781
3247
4851
1436
3103
1532
790
3785
1132
4377
3935
3448
785
2705
2383
128
4937
4769
3745
4192
1197
2621
299
2190
2282
2144
3815
2120
1834
1643
3339
879
4846
213
283
1858
1737
4060
1744
176
2654
2959
1265
2785
4633
3901
1814
1591
1907
4964
345
98
67
1510
3242
2827
1232
2955
196
192
4950
2118
3733
2932
4578
2447
1153
3863
426
3651
1241
846
1010
1449
4870
2714
2225
3062
2659
3965
3182
2104
2998
394
1629
3641
622
3869
4547
383
4025
1927
3058
1973
4275
4522
1552
3256
3811
3478
4969
2553
669
3702
1070
4857
3300
1023
1569
1859
3574
2964
32
4843
2200
2702
2226
4089
4212
3251
3529
3522
752
1140
632
1882
2016
58
4787
1114
4391
4853
4854
3565
3348
998
4483
464
3441
1288
3245
398
1413
742
2458
4318
1102
3985
4748
3507
84
4334
3843
4266
487
243
2009
4514
863
4231
3971
3473
4647
4777
4276
369
3416
4378
3833
1878
3296
4838
4198
721
1060
2755
1517
4702
3467
302
2735
4200
956
1049
2183
1128
1187
718
3088
4184
3707
2914
1349
4143
1609
1134
898
3502
2034
977
719
2601
4473
4267
2968
744
4992
3518
775
2448
4656
3971
1836
4355
3643
4232
907
1818
2692
726
2375
807
1008
2890
4986
1726
4829
3090
1995
1999
4
3128
3771
221
3498
2413
2909
3059
4659
2880
1460
4969
4616
4522
2367
505
4727
4963
1153
2144
2442
4924
1741
2518
4018
2237
1162
1029
2201
1715
2146
2782
1051
4628
129
2286
773
2725
1194
3086
4914
940
3041
2195
193
986
2467
1722
4660
2121
35
4105
2799
461
4075
1526
1394
25
890
3330
2087
2867
649
2341
4855
3202
3441
2261
4479
1560
572
1842
144
3205
3484
3718
1969
4377
4377
1839
170
1814
936
4005
3883
305
3000
1429
3119
2583
99
2502
1267
286
3400
2167
3926
3519
933
3978
1190
342
3069
4848
4872
927
900
1870
4545
3318
1175
4978
2996
4982
979
1233
3947
4703
184
4252
1025
786
3379
2721
1189
275
2300
1932
1125
1339
3425
1451
1244
3656
2778
1708
1054
4754
2650
3370
3563
2675
2713
4746
4985
11
322
1140
403
1792
2626
3836
2023
31
1230
4772
3459
2756
2459
2807
1829
200
976
2234
2511
583
4498
655
459
4450
3200
4841
2409
978
1711
2165
2787
2114
3673
1017
4736
692
835
1736
167
1997
2085
3179
3296
3827
4332
4600
3611
2202
3718
3804
1226
708
3900
494
4658
3949
2345
4381
4018
3276
3814
2576
2928
4168
1313
1341
4223
3821
3125
2949
3866
3755
2272
4145
3504
2026
1692
4548
2887
4671
917
1067
1365
3258
1017
1231
1314
2353
1644
1079
1536
1281
2168
4890
54
1802
1511
2473
4500
3584
163
4518
3673
1813
904
2710
3072
1817
2963
3591
2156
4926
4060
1665
3536
564
902
3647
598
3874
1641
168
333
2756
73
3503
2018
1211
3696
4929
2814
1057
24
3281
4189
4914
68
734
2426
2508
54
2798
4004
2317
452
1077
1231
2280
2461
1001
2594
2057
2498
1394
1510
778
3614
4975
2004
4293
796
210
3894
3583
317
1284
1953
2874
3201
2861
2916
3684
3878
4890
3090
1512
3199
1660
2218
3823
3099
2251
3992
1653
244
829
1753
3296
1573
2729
1709
4814
1265
3990
3531
787
2349
2730
2225
2708
2157
1728
416
4682
1414
2703
1167
2855
4058
4916
816
837
2669
223
3951
426
2785
454
1948
4605
1478
1687
4081
1389
3540
1687
1380
3219
3570
1518
390
2651
2922
4754
4552
3508
4889
1767
2834
1849
4157
4596
4042
3511
2000
574
3837
697
2051
4948
3830
2468
2871
1901
4303
3930
1201
4017
3854
4875
1454
2129
634
1529
3233
1724
4005
3743
4693
4946
4115
3040
1805
2408
1530
2673
3580
4743
3914
3935
2155
4340
3117
4332
936
3058
3205
3459
4347
13
1838
3216
2781
4433
2360
1416
3739
4128
3865
4201
248
4387
3472
244
4830
2420
149
1370
1539
2161
3994
1543
1201
4933
1513
229
1201
4293
3437
4019
2381
2210
4425
2657
3954
4100
299
1410
1440
3327
2916
137
4938
4831
1128
1220
2277
983
2182
4302
3874
1327
3572
3896
228
1888
3073
1851
1125
1551
3886
2744
4295
297
2113
4177
3406
2189
2761
497
2309
3695
4339
4973
3002
2539
2170
874
1773
824
4259
1090
2635
3449
4407
3829
3348
4761
1741
2806
430
4704
1161
2337
3749
1794
4868
1337
3357
143
2810
3383
2164
1959
4406
4472
4623
3180
3688
4914
2982
771
2327
2907
1109
3040
4168
2197
2688
4861
80
4805
277
3565
518
157
3173
307
1618
3909
2792
4016
3457
4062
4691
1607
647
2071
4597
787
547
4034
2716
4277
4705
1534
3843
3408
1642
899
1725
3438
2384
2529
2938
625
2218
1149
1767
2505
4894
875
4051
4748
1945
3412
4440
4084
2993
1368
3362
776
4881
3766
1492
4906
2182
4595
901
1685
3771
4690
994
2518
4856
3720
3014
4881
2477
1020
3754
4481
3495
3049
4040
1498
3175
4048
4267
2416
314
223
1153
1934
2240
2803
4292
4150
179
843
2041
3002
1581
2702
4314
4026
3289
2377
1051
444
4224
2358
1326
3388
2920
417
630
2935
3494
4939
1837
4741
2861
697
1713
2271
2193
916
940
4117
4275
1111
833
4975
380
663
4567
1476
3178
2603
1185
2331
2006
2705
4748
1636
4050
1858
2825
1997
1534
2027
2868
652
117
4185
3084
2266
4420
3560
264
4595
91
4818
3558
1050
3205
1950
2154
522
213
1054
3582
4179
3576
1900
1848
2717
4628
3591
3707
3778
1678
1453
2940
4527
3175
3290
3696
1240
351
2494
3085
124
820
3367
979
4709
4844
1678
897
690
243
681
3100
3582
2061
3560
2117
3012
4343
3823
719
27
233
3331
4339
4362
82
2235
763
2125
1298
4439
259
4741
3415
2542
2664
1955
313
842
1963
603
3517
4454
2641
368
1757
4288
2916
395
833
4322
2159
1767
3666
2710
4782
106
2963
2332
1635
711
619
1069
1839
3341
3776
2556
1914
59
3182
3252
2371
4259
4823
25
1258
1193
2558
3767
1451
4049
3348
4535
4672
2565
3808
1719
999
995
855
728
4072
4902
1565
3579
3882
4675
2313
1342
4926
563
4073
1649
4545
2689
4965
3113
4956
1577
3501
1534
3982
699
2458
188
1882
3024
4234
733
2995
1350
158
4515
2931
1722
1803
2184
718
345
4724
1877
2108
1962
2499
2057
559
4002
3968
454
2493
4200
639
4077
2506
1957
352
1031
2036
4552
3823
458
4125
4446
2902
1109
4029
161
330
2990
4691
484
4160
3547
451
1882
2846
3906
4392
3559
1467
3994
2507
4886
2552
1502
4666
2780
2780
1551
2942
687
706
4546
2230
176
1940
1954
1336
2183
4991
3779
3850
234
928
4789
1050
4689
369
4354
55
3263
3856
472
3737
180
2759
1703
1768
4668
3558
1480
328
4203
4303
669
3730
1285
627
3400
69
2396
4695
1477
4503
2219
2410
3470
4544
3655
4720
529
4941
3961
535
1943
3867
4521
3173
3543
1629
4615
1021
3502
134
113
2109
4623
3893
2128
2857
981
567
1006
852
2045
1753
2610
4549
3235
2619
2904
849
3577
1161
2840
4014
1869
1438
4832
496
2141
782
4952
43
202
1965
2104
2946
3377
3351
3842
3398
2145
512
2419
4879
1576
3622
21
2099
3262
1293
1397
72
3587
1197
3523
937
3012
2840
4992
2462
1024
694
1194
2516
4190
2894
2122
2930
3281
4529
277
1848
3753
4759
3619
1335
1780
4581
2357
1186
3617
1721
1990
1808
3038
2203
357
4042
236
4436
3389
3734
2956
3560
2588
363
1087
4728
2568
772
279
499
2543
3817
2228
1300
4552
3096
1570
245
3578
4425
522
2806
2235
413
3450
1357
4987
4368
139
231
2537
3596
1542
3393
456
4165
3346
580
3336
1236
2175
1183
1802
2236
2624
429
4038
4504
2769
1051
374
1664
3175
1314
508
1738
4301
1026
2659
2754
732
3927
1299
3549
1014
2928
2473
3240
1795
1748
128
725
3428
289
4544
4077
4375
4047
1430
218
2418
4493
2507
1609
2025
2716
4643
3873
4046
1820
4363
1725
715
2442
324
3378
830
4690
1951
1641
1583
3133
2644
462
4561
3246
4994
4099
832
4133
4303
4765
3799
2872
4442
2891
688
2545
1140
4887
1259
4215
649
1357
4751
2000
3279
4804
1624
1608
4707
1366
3624
1734
1840
1878
3781
1687
195
309
4720
4314
778
3185
2449
573
697
993
2311
4185
432
770
3979
1408
4569
1737
3473
2347
1661
3784
929
2697
2573
4516
3097
4975
2880
2412
1696
3712
2009
4451
2094
181
3690
4368
3927
2952
2020
50
1607
4457
3520
592
83
4717
2695
1637
683
4187
1615
41
4835
3584
1895
4093
3977
4262
2783
1016
571
3557
1872
4841
2981
1311
2607
4249
1163
2960
1394
4600
4843
1615
1070
2610
901
631
2996
1305
374
2910
3381
1497
481
337
43
2347
3238
1685
4287
1603
692
2363
3323
2795
706
3787
3592
4484
4254
4604
3034
2287
81
1458
2827
2604
920
1504
4053
3701
221
3743
4430
766
92
196
579
3117
2618
2245
1620
3474
3317
698
1737
2965
1800
1242
3873
1540
2779
2324
4000
4238
935
3156
151
4937
160
864
4538
4716
222
1880
2654
3844
2879
118
3794
3494
168
1292
4956
449
4605
3936
4935
4875
1898
1616
1997
4623
1984
2944
4824
2123
69
4567
4052
1347
3235
2237
609
2047
2895
4406
1648
1679
1769
3954
3123
1127
4403
2756
1859
1361
390
4968
4598
2355
1825
3199
809
4948
691
1965
3961
3487
327
1180
2792
2131
1555
1008
362
4906
3003
2939
1576
1019
112
4459
3677
4335
403
2156
4749
850
2346
4305
1705
1512
2717
3833
749
294
245
4817
3408
431
982
2748
2956
3760
3803
3577
3727
3641
4106
1716
2469
2363
2282
1944
1906
3031
670
701
4436
1012
1788
3231
2344
1691
273
923
3514
3817
4896
3524
3625
2659
3471
1930
4661
3588
1691
3517
4697
2472
1619
346
2554
2609
387
4051
1913
2773
4364
903
1562
2817
1225
2378
967
1577
933
2876
3821
189
1169
136
3836
328
4289
596
4235
4153
3468
4837
488
4101
2788
4697
162
2655
869
4337
1097
2782
4276
4443
555
406
4661
1619
1453
3658
4496
2513
1039
3928
3384
1961
2657
1854
237
1735
4024
4236
1205
3619
2955
4552
4528
4381
4223
4853
4122
854
595
4151
750
627
3941
453
2177
2126
134
3909
330
258
3850
2169
2223
2242
4996
2770
1260
3996
3284
4535
2923
3642
787
2577
1130
847
107
3992
1917
2384
4068
4699
3903
3221
4639
3534
3761
3435
4117
3702
4152
3697
2431
2824
3899
3668
1694
2792
3787
1308
1427
4411
322
1133
4559
3750
799
220
415
363
2661
1029
2472
3659
1662
4885
4418
2308
3681
554
67
572
3563
3611
4855
3914
4325
4058
345
4945
159
2662
3539
3472
436
781
1972
2999
3009
565
2983
3306
2434
1076
3539
2384
3387
557
173
418
64
1836
875
3185
1937
3245
3701
4009
4789
3178
3738
692
4699
4302
2217
1605
4119
2061
0
2873
488
3830
4775
1865
1617
3015
423
4186
2568
3300
2948
4061
596
2189
259
319
2301
4002
988
4598
5
2551
3547
4285
3144
1461
2666
3712
4795
1453
1112
4413
692
4133
1098
4440
4161
2844
653
2494
4274
3605
1162
1307
108
2755
747
134
415
1730
323
840
4463
4768
1709
748
1812
3543
3494
4354
3168
1181
2301
1795
2361
2970
4239
569
1331
4455
2751
3390
2477
2528
1814
4222
2855
2782
1244
1106
513
4039
4387
117
3222
43
4999
117
1273
2227
563
3212
800
3887
4683
1527
2863
1082
2020
3817
220
430
1882
2969
4736
2856
3418
2119
4370
3525
1993
1008
3313
4050
3538
1175
2870
1243
3486
1960
1410
390
1013
4246
1215
716
4587
809
1983
157
3690
4818
3237
2033
3213
1098
3825
4165
1499
2565
2963
17
3220
991
3094
1906
2651
4938
4395
4541
4966
3235
4741
156
2107
2328
4230
3690
2184
4635
918
383
524
137
284
2506
37
2416
4000
4022
2280
4015
1934
822
1141
4841
4991
4620
1677
2939
2168
692
90
3945
4904
2861
2817
483
4423
4671
4930
3244
1526
970
4861
3822
3497
1069
4793
1812
1754
113
345
50
4711
3171
3079
4044
3106
4947
4292
1012
2286
851
4675
2764
1333
1203
2017
4017
1175
85
4363
984
2977
2600
4358
4965
4436
3837
0
4274
1730
372
4839
3943
162
4451
658
894
1734
1720
112
1988
3853
4547
4579
110
4980
3685
3025
4648
3351
750
630
507
2638
2138
2972
434
4585
4169
488
4716
306
3941
1172
4363
1249
2169
436
3007
1565
3817
4493
687
4442
3269
3665
3902
1113
2015
659
2450
2365
247
2736
3751
4250
3630
1237
2205
2243
106
667
1031
3972
2419
1877
529
4060
3736
1210
3250
1070
4923
2794
1528
3008
3084
644
868
4895
2344
4111
4131
1984
3878
4073
4721
670
337
4287
615
3523
864
758
1720
2711
4157
2164
4395
2669
4219
4996
4379
3184
1189
1694
4583
3369
1669
1128
4742
818
1832
8
725
464
1167
2177
2145
1632
319
746
3645
692
3390
1078
2593
3077
1323
566
862
3205
4985
227
3954
1202
643
4368
4267
1543
178
3080
1843
4320
3505
4625
3804
1712
662
4261
960
1685
1903
2867
1908
4568
3284
4616
755
2141
3096
4841
2888
2756
2936
4407
3723
3572
1779
1590
2052
3750
3201
892
1543
909
1842
4300
3927
4432
4350
1849
2101
3220
2264
4982
2638
156
4100
2899
809
3588
2826
4983
4439
4682
2792
2354
4922
2437
2606
3658
3163
1509
3758
55
1406
1842
690
1368
3430
2208
1132
220
2881
3046
3488
4716
2315
1773
3727
1198
1787
29
2673
782
3632
2215
4908
1503
3044
2834
1864
1301
3532
3719
894
2014
1487
730
3187
2612
3895
3024
4449
2309
2723
1009
3833
3760
2424
1849
3993
961
1633
3901
1276
803
1566
2531
2945
3811
189
1434
4107
1271
4306
818
3698
1602
2248
2575
4040
4044
3290
2898
2417
1503
4726
1225
720
3482
1871
3332
3112
4604
2022
4548
296
4241
96
3493
2549
2659
269
1068
3197
1450
4052
3131
4655
3165
2797
4330
2560
878
4848
35
4478
3833
2883
4426
1297
1737
1030
2221
1244
1043
4067
4360
4949
4490
3846
1826
2383
3057
2786
2525
2081
4424
1391
1088
4831
667
1809
4701
3646
43
452
1768
785
1921
1409
799
1807
3525
2446
2821
3519
2685
746
1050
148
347
2035
4227
753
611
2303
1387
2410
3046
3366
1644
175
3638
3175
1843
1764
3160
1604
3036
4044
2322
1394
1406
3235
349
1220
2375
4190
2928
1691
443
3373
3169
428
2217
4941
4660
1550
4594
2042
694
2377
695
1582
2137
4201
4757
4968
41
3150
4517
1081
4789
2647
2685
1482
3400
4431
2385
644
4859
601
2453
3531
278
2322
1362
4353
77
1410
133
3455
751
3111
126
4882
2778
4456
1258
1374
658
1162
2475
378
1623
431
1368
1935
1482
4093
958
3721
2983
2599
2918
405
4648
683
2756
3933
2977
4205
1361
2109
4178
4659
4469
2115
4999
4879
1394
1167
4296
1246
4111
4204
2981
982
135
828
4930
183
1314
1789
288
4330
4355
4054
4864
1882
1483
2155
1845
1383
3627
4956
2752
875
3427
2677
380
260
2695
1421
2531
1281
1025
4826
932
3064
1852
4005
95
1340
134
762
40
2349
1465
1383
1744
555
3398
2909
59
2148
4009
15
3898
1084
4565
719
2783
1440
2844
1277
3668
3381
2663
2681
1965
1106
381
3664
1567
474
2822
4304
3773
1724
2621
1713
1848
3156
3400
3476
1782
3136
473
2686
3235
4737
4282
2660
3064
4931
3940
3627
3093
721
985
3729
1005
1183
3648
2237
4754
3334
4502
2422
1853
3347
1990
952
2914
2011
2646
3215
675
3252
1317
4543
4831
610
3839
2577
3565
1113
1406
4034
1056
151
577
861
4002
4115
4656
1627
2959
4606
3911
3848
1585
1382
4611
3589
789
4577
2763
2024
4886
566
72
2366
1127
3162
1871
1096
4049
998
1679
172
4523
1809
1516
4916
3641
2817
2317
3183
1124
274
4817
3075
3512
283
3378
2340
818
3163
3480
1557
1651
3947
3008
2184
141
490
3182
4837
460
4904
3433
2089
2936
4719
3004
3258
422
3248
4891
1787
2101
2623
1755
2669
4325
895
4602
2171
3043
878
4074
2241
750
3777
4276
720
1344
3529
205
1658
1165
2204
4004
2762
3720
1361
256
2525
3994
1027
4195
354
4082
4132
902
370
4591
4133
4110
1934
1309
4325
4715
12
4869
1189
3083
756
1012
2401
491
3123
1397
1800
1979
2104
4491
4839
580
2411
1061
4905
1187
4208
2581
2958
3290
528
695
2180
3012
786
4925
139
2674
1021
2153
4046
3796
1330
2438
209
738
2170
846
840
4371
560
1442
224
4319
1355
1211
1984
3978
905
2125
3654
3603
4363
3629
3812
653
645
4835
4698
1020
2918
922
4923
4419
4400
966
854
4642
261
1112
524
1461
2770
4581
3460
1322
2530
1950
2895
3589
317
4339
2946
2429
1989
3970
702
4104
331
3847
1368
2849
1622
1254
3200
89
1810
253
2176
2276
1845
231
1958
2812
1984
1588
4113
3881
474
3300
231
2605
3201
337
1313
586
4392
4360
4718
4149
1723
554
2233
2984
617
4662
4926
3435
1657
435
2482
1274
2239
1014
3354
1263
1361
4945
1648
2390
2838
3233
2030
1334
920
1283
3586
4797
21
3682
4288
4965
1236
1568
618
2558
3636
2109
4832
4217
340
821
2873
763
2178
1721
4106
2210
4054
1509
408
1939
2571
3792
3618
1570
323
961
3957
4844
4290
2361
3410
3900
2823
2277
608
2002
147
151
1440
4143
838
1955
1685
2579
2865
2557
289
1451
4799
2440
3526
4751
2864
2583
4795
1760
1346
251
42
1869
3185
2865
4366
3749
147
3654
697
4685
1779
4263
608
388
2956
3231
161
3194
3906
322
1488
248
3219
725
1123
4634
3820
2775
4859
4543
2064
763
2171
3615
2238
113
3310
3727
1415
1237
166
2885
1144
4819
4967
4115
1700
1142
583
2174
851
4415
1863
4073
4367
4308
3263
3688
3763
226
4332
4332
3354
1415
3085
2545
4825
4130
169
1664
991
2238
2030
245
516
4698
4251
614
4624
2136
4679
51
1738
2951
2956
301
3127
3107
4586
1172
1022
4908
1341
1148
2217
1317
4159
3116
997
3521
3730
290
296
557
2687
3889
1563
3325
4050
782
1873
3397
1095
931
4774
2345
1034
4310
4641
323
109
1415
190
3150
4958
3670
2152
961
531
1129
3617
981
189
1997
408
641
2315
172
3753
745
698
3101
1769
12
3277
3749
48
1720
808
1313
2090
2228
2452
2570
4994
4598
3208
3685
505
4279
1202
3141
839
2997
3851
3065
3436
2089
2259
4732
4744
3817
1345
517
3259
4686
3549
115
1025
1044
4714
4276
2658
1568
2451
572
1397
3296
781
2674
2898
3367
1138
3326
3362
3617
3898
4890
876
3282
4670
2516
3985
991
4635
2284
51
2063
1517
1678
1175
3989
873
529
4795
4463
4122
3749
434
1578
3452
4186
746
566
4194
3041
3337
1004
1372
3945
127
1233
1722
4628
4391
489
2662
1260
1156
2639
4238
137
2268
4699
2893
1563
1066
413
4669
2177
3224
3882
4942
2345
3079
2583
1283
4654
4855
3393
3511
3285
3765
570
3784
3516
544
1569
4472
4462
3774
1784
4975
774
1392
744
1214
580
772
200
3089
3411
4708
3995
787
3383
938
3607
4065
3235
302
1936
2367
1702
3217
1949
4934
513
2166
3321
2886
1712
1763
4382
553
4516
4620
2471
1794
4717
1778
3010
950
2424
1164
2462
49
4474
341
1289
4873
3767
2921
3690
3589
4730
1114
1520
318
3708
1819
3651
3444
1723
4152
1277
3001
2996
981
4554
2736
2710
4426
2329
3192
2646
1259
3115
4264
1315
3843
2969
3601
1340
1009
1463
4702
4458
1754
4332
435
149
1136
3627
3596
4496
3365
810
4991
479
336
2351
370
1387
4293
2496
287
4276
361
2040
1178
1469
1018
3982
831
4559
3123
3006
3231
4289
4225
2452
1510
3027
120
1647
1281
2563
3794
687
1673
2280
330
3550
4721
1110
1987
1696
229
2084
2066
2127
2691
1995
817
2921
955
3264
4991
1640
2740
4272
3523
3036
434
4571
1597
4774
4554
102
2410
2295
4086
759
1317
2988
3209
637
4802
3759
2401
2011
745
3712
3092
885
924
2906
827
1447
4604
4366
4569
1243
656
2538
4048
4637
2033
4937
2505
1847
1673
3627
2881
1308
1628
1108
4708
4796
4420
2064
951
732
3677
1692
239
2732
3090
3872
4159
211
1078
986
817
4595
2322
1083
1027
4930
824
2702
239
2524
3983
4314
1100
3364
4949
4793
1000
1750
3290
2775
1807
2084
4980
1991
4462
4962
2301
4469
1889
1106
1274
338
717
1988
3212
848
1679
4889
4582
4151
2249
2297
2847
3681
4609
2678
613
4953
194
4340
893
4930
2720
329
1440
3446
2662
2689
2545
3445
2088
1106
4028
878
1702
1545
1844
413
4373
2158
4059
269
175
255
3846
3811
3734
2024
4133
3652
2246
3919
2563
2897
2628
4864
4973
3982
3861
922
2921
781
4804
1811
1815
4167
1429
353
4423
2892
1984
3522
717
1496
4520
2799
4166
4736
1647
3842
3223
4581
4594
4450
4182
2410
1273
3196
4677
715
3966
4329
1231
1071
803
1255
2457
4605
2708
3503
1837
2156
1057
673
4941
423
4462
4221
2863
2567
106
4889
3630
4051
2595
646
1208
3221
3905
451
4193
2386
2305
378
4559
3493
1699
4367
3861
2508
3940
4312
3480
2232
749
3984
2506
1553
971
3182
2929
1026
1669
350
4138
4777
3960
2918
4848
2011
3320
3196
1852
2039
2920
3248
1108
823
2101
4340
1729
1232
4053
1544
3547
1892
3186
3157
1685
822
1420
4727
2133
2084
645
477
3899
2650
1273
3193
4203
4619
2200
2774
3047
3869
521
2190
1447
1086
1322
4958
2132
2689
4880
4452
3021
1863
3034
403
727
2416
931
912
2103
732
1496
2882
1253
277
1051
4517
789
355
710
4816
771
3193
392
526
4879
2177
779
1900
3948
2484
4934
4747
1523
3008
1953
1106
3376
2387
167
4483
3670
2547
1671
1951
1239
4103
1104
3453
3896
2655
4062
2085
2268
1922
2611
972
156
4892
3633
3075
2532
4916
2616
1310
1376
1205
1141
4982
361
124
2344
2999
2684
613
3751
4231
3589
1383
524
3915
559
1511
137
4926
2404
705
1616
457
3883
3594
2322
2039
2035
1113
1372
4624
4833
982
3094
2507
3740
3114
4926
4120
4040
3201
1454
443
2960
162
3838
610
196
2775
151
3605
1926
1883
3544
2560
3925
3159
4795
78
4032
2068
1092
4160
2764
4950
477
3301
3740
3050
4970
1837
3419
207
1192
3602
3705
869
4470
2380
2528
3586
925
4013
2002
1773
473
1642
3741
229
3859
3979
2269
4437
2113
1274
2306
4464
627
2300
64
292
404
2189
3087
492
524
4105
1048
210
4789
2030
3162
3717
511
4674
1342
509
1753
950
2936
438
3287
1960
130
4816
2918
1053
4188
4924
433
3972
1961
1466
2606
2221
2926
1757
2534
1795
1912
2372
740
4505
4121
1143
3842
2705
2941
578
3806
4662
4533
4642
2851
1673
2418
4155
37
3384
1932
686
4651
3266
3728
3837
4467
1952
2758
199
1247
4587
3214
450
4055
4349
2734
4751
1207
1995
757
2047
3782
95
167
3161
1700
3601
10
1907
3477
1033
1116
4689
1363
3778
467
2546
4709
856
3230
2952
3262
4270
1810
3256
2050
351
2910
1487
1662
3522
4030
4450
2189
2236
4287
3880
4762
490
4840
4004
3399
2342
165
3568
1465
4291
903
2
1279
2447
1307
3570
3549
3051
3351
2719
2210
128
3139
2200
4658
2616
429
2357
406
4742
3629
727
2209
789
2216
1876
566
341
3200
155
2716
2784
2637
381
1455
827
4517
2226
4942
4725
4483
2023
2771
4214
1517
3013
3825
3702
3255
3910
4423
2871
118
4753
711
2900
2701
3849
2113
4577
3377
2415
1265
825
3348
2893
2926
3982
749
1464
2328
890
3502
250
4150
3926
3248
2315
1433
3576
2294
3793
3960
4522
3325
104
451
3748
801
2277
991
687
4896
3329
2276
1450
2476
794
3045
2084
2312
1966
1502
3884
157
3842
1595
3949
1053
4820
3952
3765
31
2591
4321
4075
2199
3293
1380
1061
19
319
1374
1722
3490
1146
4748
303
3062
698
4110
2439
153
2464
951
701
2997
3277
3071
685
1536
3390
36
2206
1371
4829
4749
3630
1548
3598
2367
107
1536
405
970
2946
545
3610
3822
792
973
2166
3617
3881
1300
2057
4388
4745
4305
1639
744
1500
2068
3904
246
3235
968
1706
2146
3808
1071
1864
597
4878
3942
1437
2374
1849
73
3280
2161
2323
4495
3914
2828
1927
2524
1550
3813
2492
908
3596
1657
4428
1326
4385
4703
1339
4934
1597
2967
3373
2593
2020
2188
2321
1952
3745
3103
4618
2118
2040
2700
793
1688
4374
1351
1367
3206
4824
3787
3309
4748
3537
3932
314
2565
3104
1130
4224
1922
1233
4372
3151
2893
1550
823
3986
4953
2269
3510
3020
4618
4346
3292
4853
1927
4479
486
1397
4178
4003
808
1705
498
276
1268
4933
3453
1064
3440
3594
3968
2925
2283
1636
4881
4479
299
2540
2504
1121
4258
1294
2406
1180
2563
639
3372
3010
7588
8538
7265
8801
7510
8092
8747
6666
7714
7277
7239
5146
6499
6289
8409
7458
7447
5055
5037
9248
5281
6485
6052
9903
7992
5857
9097
8486
9587
8326
7206
7613
5931
8148
7044
6919
6776
8602
7573
5224
8217
5010
6482
5985
7280
9486
7396
6039
6387
5475
7866
9054
9203
8934
8846
9170
8912
6963
9942
9618
7564
8851
8011
5891
8804
5097
7130
9590
8036
8619
7120
8284
8863
7914
9192
7037
7984
5208
7515
5114
5751
8092
9194
9673
9221
6314
7568
7522
6239
8365
6369
7903
5881
7829
7898
6527
5533
7933
8223
8352
6895
8428
7752
5126
6939
7112
8783
8944
7958
5657
8373
8763
9840
5641
9532
5880
8006
5114
6794
7046
6345
5642
5198
7542
7776
5926
8701
9109
8098
8990
7865
9829
6687
7118
7895
9320
9913
5867
8749
9393
5208
8053
9841
7006
8077
9196
5257
9609
8676
6832
5847
9755
6053
8559
5506
7099
9041
7274
8364
6094
7805
9341
8357
9750
7478
5656
7697
6339
5530
5715
7864
6754
9936
9310
5512
7496
5361
7444
7598
8574
6113
9645
8378
9798
8393
6225
7599
6215
5633
8931
8173
6618
7231
9745
5014
5874
9222
8977
7486
6220
8450
8267
9842
9807
5550
7599
5003
8288
5056
8040
9276
7239
5756
5342
5720
7351
8454
7121
9147
7972
5146
9100
8376
6556
5915
6463
6121
8893
7993
7745
7924
6731
6424
6615
5992
9857
8458
6133
7678
5500
9211
7246
5619
8045
7632
9063
5452
7057
7825
6824
6619
6715
9764
5057
7224
9787
5017
6223
7976
7871
6402
7295
5389
6540
8097
8466
7754
8551
5231
8607
6318
9131
6391
7474
6205
8981
5432
6727
5002
6932
6464
6329
7941
7801
6680
5464
9556
6824
5440
6731
5510
7368
9518
8435
5275
8804
8637
8250
5734
8463
6678
5492
8372
6941
9009
5427
7410
6446
9466
6554
8421
9163
8717
9638
5397
6001
6360
6080
9191
6355
5241
8875
8222
9069
5303
6312
8871
8295
8627
5626
9649
6791
7287
8522
8230
7657
8853
5267
9019
9528
9625
8487
9351
8501
8546
5003
5223
8139
6295
6741
6613
5037
8199
9423
6450
8145
5095
6781
7845
6351
5436
9111
9944
9315
7506
5188
6309
7101
5474
5903
6232
8982
5726
6879
9252
6189
8445
5122
8789
6542
9127
7141
9944
5026
8084
7671
6732
8994
5201
6670
7481
5658
8446
6359
7818
7223
7897
5658
8432
6193
8496
9124
8424
9608
7649
9807
6406
7227
5920
8640
8827
6920
8513
6294
7762
8631
6710
7361
9540
8123
8160
5024
5900
8825
7831
5744
5484
6353
7986
9470
9294
6690
6153
8438
6912
8545
7219
5274
5362
6281
7427
6535
5738
7680
8810
7809
6451
9581
6753
7256
8622
8041
9227
5716
9584
9082
8730
8181
7404
6445
5527
5563
8620
6496
7278
5043
9579
8338
7337
9201
6850
8363
5706
8495
7309
9973
8938
8631
5972
6360
5245
7323
9123
9564
7978
5551
5880
6142
6994
9066
8501
5581
8079
8592
9937
6009
9714
6860
7075
6850
7675
8088
9894
5898
6783
7955
7492
5760
8735
6941
9120
8103
7079
9582
8763
9627
9599
8051
6099
5584
5640
7255
8119
5983
9593
9081
7737
8307
7448
8645
9557
6969
9534
9038
6860
8870
7394
5835
6849
9704
8578
9489
6262
8409
5293
9263
5672
6915
6606
5428
6133
8037
7416
9104
9664
8067
6094
5437
6318
7220
5485
5795
5740
5552
8931
8450
7570
7749
7957
6365
7350
8168
7604
8905
5950
5759
8522
5622
5112
6164
5644
5240
6487
9285
5278
6588
9687
5368
9987
7476
5477
7885
5039
6658
5409
8071
5986
7320
9048
7789
6919
9657
7603
5219
5919
8133
6493
8629
8895
5862
7299
7691
5359
9595
6237
7298
7427
5109
8696
6102
7898
7255
6438
8616
7058
9082
7646
5534
6910
8260
9772
5151
5794
5185
6233
7580
5584
6108
5986
9565
8973
7774
6674
5057
9256
9166
8751
8574
9655
8669
9516
5924
8398
7611
9893
8356
9186
8113
7853
8205
9656
6277
5330
7264
5560
7550
5077
5047
6303
6568
5792
8326
7253
7173
6827
5225
8366
9103
5057
5376
7708
7571
6647
8398
8179
6238
7769
5833
9183
7649
5741
6572
8833
6403
8389
5721
5764
9324
6677
5795
7713
9015
6320
8652
7741
8172
8267
7616
9932
7694
6650
9290
6466
9578
5618
7649
5056
5329
8128
9079
6952
9769
9853
7601
9436
8873
9328
8485
8458
6089
8706
6220
6774
8108
8201
7687
9820
5543
5113
8791
6119
7379
5120
6738
8347
8646
5907
9201
6099
8873
8443
6369
9745
8902
7357
8146
7638
9337
6449
7641
5344
7577
5743
9396
6724
7989
5630
9582
6315
6238
8582
9172
5101
7268
5851
8676
9431
5357
6255
5478
7550
9659
7380
8030
9393
6437
9424
9969
5943
6194
6562
6508
6098
8986
9646
6889
7725
6634
7103
9412
7893
9177
9355
7453
9703
7211
9902
5926
9306
5056
9609
9171
8690
7705
9819
7655
8524
9775
6566
7045
8187
8428
7096
6876
5111
5342
7685
8977
5609
7390
7626
9842
8381
8153
5979
5742
6028
5426
9940
5301
9397
6485
5555
6569
5146
6707
6749
6932
6265
6786
5658
9428
6466
9139
9986
5053
6090
8196
6225
7826
6810
9429
5206
5716
9320
9712
6128
9497
7777
9300
8839
6681
6444
8055
5345
7066
6329
7618
6795
8726
7786
7844
6914
7321
7007
6764
9592
7659
8024
8028
9547
5069
5605
6443
9554
8186
7741
7060
9127
7145
8983
7014
8196
7222
9010
7981
6607
8758
7032
8764
8343
7208
7123
7413
6876
8707
7199
7278
5656
8434
7465
6035
6128
6434
8889
9965
5321
9374
9878
8944
8136
8950
9909
7606
9135
6306
9745
6105
5331
6437
7712
6833
9820
6489
9806
7167
6865
7698
7697
5550
8627
7540
9291
7717
8012
9531
7427
5475
6978
6714
7465
6688
8890
5785
5309
6103
5722
9471
6935
7727
9202
8128
7469
6179
6707
6621
8587
9901
9950
7569
7414
7183
5381
9639
6772
5767
8379
7726
7585
9378
6392
6027
8795
5231
8054
5251
8539
8154
6018
6807
9041
7447
6718
9391
8097
5584
7165
9771
6893
9160
7481
5396
6844
6669
9077
7055
6029
8214
8168
9739
9336
6482
8755
8301
5496
5365
7027
9486
5918
7254
9533
6710
8946
7267
7870
5464
7436
7864
8621
9768
9243
7430
5281
7305
5789
9671
7705
7043
7284
8040
8355
8802
7378
9713
7134
8737
9312
9120
9659
6734
5637
7000
8391
6096
7862
9229
8528
7941
7171
9901
8824
5867
6107
7269
6066
7336
5173
7736
8022
7809
9080
9526
5209
9309
9823
8084
6798
6914
7043
8250
8122
9758
7174
8514
8873
6995
9062
6455
7323
8975
9473
7362
5676
5744
9027
7445
7776
6814
9640
6909
6103
5655
6857
7810
7817
5846
5875
9319
5412
8672
7839
6993
8569
8654
8044
7265
7723
7901
5400
8430
6236
9025
9193
8106
7218
6732
9041
8793
5596
6114
6274
9047
9625
9456
5087
8585
9308
9398
9413
8999
5219
7035
8915
6437
7549
5542
7044
7436
6066
7443
5520
5957
7404
9020
9617
6371
5758
7511
8557
5530
6219
6784
9611
8452
7165
9843
5126
9266
5735
5741
5198
5797
6529
8168
9412
5161
9579
6346
5776
8662
7019
5988
6994
7931
8668
9584
8228
6761
8194
5884
6924
7518
8971
5679
5311
6954
8282
9615
5665
5162
6626
7254
6998
5248
5710
8521
7423
7585
5884
9125
5177
8573
6845
7138
9257
8716
7347
5322
8466
9818
8373
8558
8273
5364
8897
5999
7694
5557
8641
6553
8525
5511
6020
9832
5087
5825
8411
9318
7220
6819
9534
8353
8369
6441
7966
9957
9025
7924
5444
8431
7842
7547
8940
5797
7770
6482
5765
5573
8622
5146
5976
7695
6445
8717
9312
6405
5452
6393
9606
7405
6593
7819
8393
8041
7770
8344
7256
9995
8753
7368
5708
6790
8834
9410
9517
8235
5048
9497
6567
7808
7173
6178
8188
7852
9247
8719
9216
5447
5952
9938
7299
9126
6710
9689
5183
6829
8188
6553
5680
6892
5845
5065
9434
7083
5573
6557
5016
7012
5851
8480
6196
9944
8001
6123
6039
6330
6969
5321
9589
9408
6741
5556
6943
7486
7745
6016
6361
8187
9610
5819
7584
7474
5253
8422
9788
7514
6716
7006
6263
6186
8878
8653
5881
9159
5175
6340
5825
7410
7934
6931
7292
6370
8400
8981
9487
8075
9866
7857
8484
8145
8238
9244
7812
6651
7177
7777
5003
6416
8947
6689
8190
6276
6045
5115
8293
8069
7065
5828
8788
5181
8178
8613
8619
8167
8473
6925
6566
6230
6084
7634
9831
9621
5302
6519
7877
9852
5956
5549
5557
5388
5268
7899
9987
9106
8525
6540
8057
9074
9351
9669
9253
9117
8660
7781
5157
5199
9871
6356
8951
6764
7042
5940
8016
5681
6451
9622
9834
9605
7315
5346
6872
9360
5113
7649
5786
6950
5111
9018
9418
7380
9971
8157
6742
8481
7482
7500
5315
5181
6885
7848
9084
5009
8580
6388
9164
5796
5785
8423
8753
7918
6179
9765
9328
9706
5001
6333
8143
5569
7023
6094
9033
8763
8935
7020
5398
5636
6879
5713
8778
5591
7515
6754
5979
9520
8390
7732
7653
8262
6675
5110
8765
9434
7652
8652
8059
7763
9536
6376
9593
8666
9800
5066
8201
8744
5884
8192
9680
8863
5627
8528
5126
9548
6133
7707
7054
5985
7247
7781
7121
9608
5141
8872
6546
8029
5468
5147
7454
5209
5723
5471
8243
8836
7656
7769
9868
6820
8774
9582
7840
7884
7597
6485
7443
7407
6379
6271
7885
7995
7713
7647
8595
7050
6519
8276
7949
9763
5147
5954
7954
7986
9257
6420
7189
9589
6996
7368
9912
9227
5790
5876
6456
6157
8814
6003
8114
9098
7957
5580
5968
8282
7473
9098
7761
9336
8905
6069
9629
5567
7141
8995
6878
9474
8393
9212
8276
8828
6016
9051
9648
8796
9740
7536
9620
9011
9759
7176
9201
5982
6246
8008
9646
9737
8770
6337
8302
7999
6524
9317
5559
9414
6502
5153
9345
6889
9478
5796
8101
7794
8729
8231
8650
9531
7363
6334
7875
9908
5196
8533
5724
5791
5802
9439
7720
5382
7646
6748
6003
7853
7861
6952
8521
9450
6141
6714
7994
9751
9975
8438
9626
7540
6248
8169
7823
6983
9518
5723
5310
5271
8320
7508
7986
6318
8076
8757
6595
6564
6051
8018
9325
5626
6651
7662
8306
7992
7357
8161
5004
5204
9374
5810
9711
7444
7398
9308
5924
8577
8099
8112
8419
6894
9748
6056
9754
6943
8736
5812
5065
5672
7214
6968
6176
9388
8167
5696
6833
8767
5813
8257
6886
8683
5365
5572
8663
7091
7480
8922
6156
5310
8764
6682
8242
5383
9460
5027
6067
8028
9199
9488
8842
7864
6773
7741
9627
7309
7713
5597
6915
6556
5547
7025
5198
8764
5760
6216
8863
5675
8158
9613
5104
5715
6784
6213
6124
8641
6419
5971
5553
6175
8783
5536
7985
8720
7009
5150
9227
8358
6277
6167
5035
8965
5991
6155
6180
9915
9366
6142
6615
7543
7775
9978
7804
6219
5324
6587
5670
5662
7972
8907
9655
7322
6591
6243
7246
8199
7978
7232
9515
7910
6373
8637
7720
8160
9459
9885
8716
8905
9490
6381
6963
8748
5765
6052
8015
7475
9834
5910
6265
9518
7568
6717
7134
6800
5128
7026
8848
9979
6397
7449
8293
6787
7465
5581
7039
7685
9109
5132
6067
9786
9495
7736
7634
5123
8498
5378
7001
5281
6092
9323
9013
9669
6208
5259
7894
7762
6908
7258
7495
5591
7900
9824
9941
5237
9692
9031
8885
5751
7327
5011
8015
7878
9190
9854
9593
6713
6858
7998
7388
8992
6010
8368
5311
9503
7691
9576
5262
6163
5720
6519
6643
6672
7562
8497
5124
6003
9487
7747
5417
8904
9000
8898
8839
8013
8084
6482
6376
6628
6923
9430
9075
6475
7566
7166
8653
5123
7852
9828
5500
7282
7997
8139
8089
5242
9540
7572
9189
9494
6387
5557
5334
5029
8189
9072
8273
6232
5727
5133
7134
7056
5533
9297
5551
8701
5360
5355
6077
9369
9649
5145
7796
7808
8711
8947
7575
9380
7318
8816
6781
8961
8708
9623
7571
6923
6925
9732
9557
7511
5062
7395
8859
6811
8351
8415
5064
7763
5398
9926
7596
9589
8619
7205
6132
8979
6170
7360
9059
7772
7380
7280
8697
8430
8500
9578
7449
7766
5685
5328
9982
5315
5267
9785
5324
6054
5031
5127
5377
9201
6876
9293
5427
7556
7720
6583
6266
8730
8972
6911
5127
7142
7461
6226
8280
7285
7066
8211
6173
7958
9763
7297
5527
9997
7564
7278
7361
8533
6021
8455
8324
5844
5332
5157
9742
5377
7872
8534
6508
8482
8178
8267
6474
6264
6544
9371
9378
6432
9809
5912
8288
9417
8359
9150
5559
6365
9525
5745
6553
8585
6011
5699
6327
9973
5701
7163
7075
8182
5204
7910
8046
8848
8534
9234
9857
8294
7096
7186
8010
6315
5180
7239
5844
5916
6168
5087
5336
6464
6791
8129
6405
8573
6122
8392
9086
6868
9400
6226
7636
9216
5975
8991
5743
5934
8222
6277
9406
7368
8224
8004
7714
5469
9563
6564
8981
5079
6113
9981
9357
9101
5493
6856
5090
9043
8724
8299
9961
8994
6628
6747
9682
8148
7029
8208
6525
7729
9216
9540
8213
8884
7628
10000
6409
9141
6828
6853
9262
7534
9054
5936
6644
6625
7637
8106
7762
9195
8972
5427
6660
7665
9962
6487
8558
8211
5392
8407
7291
6447
5129
8241
9786
7967
8305
5881
9917
8718
5771
5585
8477
8171
6122
9438
6295
6925
6900
7017
6113
9728
6484
6036
9519
7600
6580
5505
7520
7215
7785
5041
6572
7626
6811
9741
9760
5864
8497
8925
7008
5541
5037
9778
9774
7506
7172
6988
8064
9054
8207
9958
7025
5300
9837
7898
8401
7839
6695
8425
6182
6325
7864
5622
7081
8771
8520
7876
8689
9369
5843
5927
8052
5217
9423
5567
7362
7538
5253
9413
7140
6367
6915
5768
9043
5292
7858
8548
9113
6821
6527
7108
5902
7245
5594
9857
6376
7155
9115
6448
6385
5951
9168
6230
8726
5550
8029
6667
8576
9597
7435
7007
5668
8763
5679
8601
8559
6154
6163
9907
7715
5458
5268
7911
6329
9888
9890
8484
8118
9545
5615
6771
5433
8997
7597
7567
5621
7811
7766
7005
9009
5790
9589
8752
8579
9051
6090
5988
8981
7092
9364
5377
5590
7682
5506
5811
6638
5862
8603
6127
8704
7815
8481
6015
7925
8862
5538
7219
6673
8675
5322
5942
9720
6725
8798
5660
5132
8804
6787
9798
5348
9948
7450
8950
8763
9666
5751
9843
8853
8824
9097
6767
9517
9620
9578
6228
8134
8378
5617
8518
5430
6997
8322
7821
5402
9802
7402
5847
9917
9086
7901
7823
8066
8319
7737
7388
8830
6443
5280
5233
8330
6396
6474
7336
8356
9097
8308
6823
7418
5803
9241
6440
8513
7360
7728
6944
7832
6831
9883
9169
9041
7175
6976
6914
7472
5041
9906
5788
8234
7222
9391
9721
6175
7786
6918
7067
6012
9397
5128
8584
7140
9208
5677
9881
9513
5589
9556
8198
9096
8972
8214
7787
7473
7071
6219
9713
9764
8347
7414
9556
7232
6454
9063
9507
5657
7844
8586
7423
6233
5873
7863
6199
6017
6195
5902
7438
8911
9585
5427
8508
5554
9232
7925
7904
6496
7376
7332
8057
9798
6379
9907
5605
6010
7146
7057
7546
6376
7221
5228
9950
6883
8443
9375
6777
6912
7335
8213
5170
8102
8387
7025
7372
6317
6983
8389
9194
7694
9515
8039
8816
9987
7556
8075
9158
7049
5655
6960
9328
6061
7845
7697
6869
6817
9996
9168
9968
9258
8919
5153
9120
6812
6147
6578
8403
6204
8944
8602
7377
8747
7886
7484
8787
5809
8097
6085
9651
8168
9088
7919
7682
8045
8578
7621
7884
9622
5963
7058
8243
6283
8854
8595
5554
6814
8341
7733
7607
8608
7039
5882
6948
5295
8389
5648
8505
8282
5927
5917
5316
7532
9647
5161
8335
5303
5153
6822
5878
8985
9580
8240
9276
7286
9338
8968
7528
5084
6591
5231
6244
5594
7009
6433
8929
6078
6777
7619
6367
9201
8807
9457
5457
8998
9461
5304
8086
8330
8512
6574
5195
8711
6300
6821
5475
5722
7072
9757
8423
7937
9205
9042
7818
8199
6123
9704
9259
8515
7452
7560
5052
6654
7645
8670
6166
9648
6804
5914
8851
5503
5494
8324
7678
6976
7544
6362
7580
9189
6508
9426
7849
5236
6080
8755
6315
6710
9543
6602
6109
6571
6796
6841
9606
5467
6885
8773
8771
6064
6642
5387
6808
7104
8473
6906
5842
7981
7317
8516
9368
7645
8988
7317
6800
6934
9545
7012
5552
6034
9234
9347
6290
7122
9008
9150
7420
5517
5456
8372
5030
9980
8473
7518
5227
7851
6689
9933
9163
8401
6416
9411
7902
6352
7634
7983
6757
8209
9436
8533
5160
7745
8864
9400
5506
8131
7085
5600
7848
7135
6751
7514
6536
8395
9475
5978
6162
9188
5784
5652
5644
9867
9176
9723
9035
8678
8720
9082
8968
7306
6150
9977
7241
7612
6548
8263
6325
9562
8717
7512
5063
6620
9309
7842
9829
6503
6818
7634
5732
8397
7947
5445
8350
9574
5217
5913
7913
7332
5731
8831
8126
7568
8630
6517
7486
6498
6928
8854
8659
7986
9301
7043
8550
7879
5800
5501
7042
7419
7661
8412
6062
9249
5130
8901
6396
8309
7384
6785
7493
8836
5070
8831
7635
5130
8028
7272
8923
7115
7339
7659
6610
6147
8324
8323
6837
7804
5478
8524
9352
7425
7386
8628
5224
9164
9427
6182
8696
7546
5931
8819
6000
5210
9092
5320
9508
5412
7227
7442
6712
9067
5260
6190
6790
9675
8640
6477
7973
8698
7997
8536
8915
8250
9345
9476
7705
6754
6931
8494
5640
7142
9479
7885
7862
6715
9678
7419
9603
5150
8494
8841
7562
7016
8722
7535
5336
7901
8841
5820
7329
5446
5459
7138
5198
9058
8625
5357
7455
5818
5958
7444
8115
8781
8762
5022
8646
7291
9441
8218
5387
8367
5636
5507
8566
6237
6501
7426
6140
6681
9769
8493
8688
6825
9268
7060
9280
6746
8212
6414
7997
5431
7265
5784
6752
7189
7638
7853
8669
5061
5597
7871
6821
8149
6357
6899
5831
8535
9522
7384
9526
7039
5555
8905
6237
5840
5693
8454
6888
6245
7863
5290
7276
7181
6995
8056
7369
7743
8236
5050
5274
5835
7618
7533
6965
7889
8805
5773
7253
7856
8565
8643
9849
7114
7781
5523
5112
8402
6430
5677
9202
9374
6812
7834
6045
8285
7647
5560
8399
8843
7699
5391
5821
5541
5751
9964
8079
8390
8753
7357
8814
5293
6767
7542
7783
8608
9261
8437
6587
9033
7941
6133
7288
6336
8787
7827
7159
9594
8044
9991
7269
6144
5997
8781
8585
9400
9527
6816
6877
7114
9866
6777
7551
6134
8875
9344
5301
6411
6200
7753
7349
6184
5197
5930
8994
9018
6099
8083
7203
6273
6618
9315
9123
6605
8602
7504
7188
9215
8600
7402
8864
5759
7368
5580
5938
9640
5733
9762
6027
8634
8491
5678
5608
5436
7192
5658
6498
9876
5408
5474
6118
9622
9787
6414
7866
5343
6661
8620
8434
6841
8669
5123
6228
8633
8404
5193
6875
8044
7053
5716
7963
5123
6824
6123
6863
8986
9501
6150
8623
6875
9837
8585
6006
5078
5322
7359
7025
7935
7814
5675
7828
5117
7368
7566
5337
9218
5909
6540
6095
8554
6675
5607
5012
9701
6268
5739
9580
5598
7736
8821
6590
6344
9351
7250
5369
7783
8656
8327
9761
9341
6923
7774
7692
5142
8095
9018
7322
8408
6765
8299
9123
8923
7329
5642
7104
5061
6660
9498
5339
8792
7357
9052
7902
6757
7094
5715
5934
7954
5275
7507
8890
5122
7725
5077
6517
9932
8827
8380
6738
5363
8795
8188
5882
5509
8948
8959
9018
7900
9980
5318
5364
8809
7318
9037
9518
9853
6264
5605
9718
5633
8040
5335
7813
8122
5514
6247
7939
8191
8925
5037
5388
5126
8973
6361
9954
9363
8689
5121
8803
6736
8600
7386
6695
9398
7467
8120
7553
9099
8081
5733
5171
5850
9063
5739
5053
7780
5570
5063
6355
9611
8736
8888
7720
6100
7230
9048
9021
5838
9554
9217
9537
5084
7033
5114
5248
8622
7033
5378
5913
6337
6896
7195
5500
8492
5931
6179
7436
6886
9627
9664
8635
8381
6664
8483
9518
9952
6954
7119
7644
9284
6167
6919
8280
5749
7264
7463
9205
7391
5194
5040
8297
9397
6834
7719
8964
6623
5973
5286
7738
5643
9225
8196
8541
5502
7979
9339
8640
9137
5777
9917
8766
6935
7655
6795
7952
9822
6815
7650
9524
8428
9624
9270
6280
7306
7611
7669
8075
9667
7466
7542
9215
9310
5913
6679
6211
5329
6193
5075
7016
6516
9519
9798
5263
6437
6533
5876
8601
9139
9879
9467
9859
6586
7782
8572
8424
6399
7698
7041
5110
8035
9374
5846
5599
5324
9838
5623
5248
9534
8255
7068
9120
6070
8404
8302
5852
8091
6226
7056
9162
6724
5689
6748
6602
9563
5907
5889
6140
8696
6517
9950
5548
6158
6362
9648
6329
6963
7408
6666
7742
5409
6248
8626
6591
7887
6816
7277
8914
9343
6383
9216
7904
5400
6672
7621
5749
8446
6601
8690
8122
9716
8419
6164
7575
9635
7666
9892
8636
9675
6326
8958
9383
8423
6545
7389
9389
7124
7562
5216
5976
7231
6712
5706
6594
7963
6325
6788
8718
8588
8440
6406
7746
6841
8765
5356
6455
6763
8596
8159
6056
5055
8147
9590
6077
7411
6057
5892
5902
6589
9025
5967
8600
6134
8326
9075
5907
5686
8747
8481
7644
7016
8888
9178
8498
5080
8250
5710
6483
8985
7296
8256
6707
7441
8096
7521
6458
6674
7273
7716
6264
5640
9565
5110
6539
8272
8055
8359
8209
9243
5226
9884
7321
5203
8565
8591
6556
5943
6143
9596
5126
7414
7491
6940
7893
9202
9497
6983
7836
9454
8179
5869
9809
5612
6370
8962
5360
6255
6177
5746
7622
7063
5746
9576
9813
7718
9154
8164
5408
7427
9005
6440
6685
9178
9855
6495
7672
7958
7301
9052
7665
6464
7396
9488
8987
8156
5731
6234
7248
6171
8083
5417
6714
8862
7561
5323
6499
9388
9541
7306
8669
7872
9631
5444
5973
5887
8467
8583
5847
9853
7872
7922
9275
7842
6725
7102
9152
6196
9894
7477
7327
6853
7276
9352
8882
5083
7108
5424
7478
7226
8931
8690
7376
6585
5236
9472
7741
7238
9625
6110
6249
8614
7405
8470
5414
9500
9948
9970
6017
6895
7847
8780
5971
6013
6145
5116
8974
7720
7373
7090
8328
6710
6135
5622
9294
9725
5526
6934
8826
7147
8841
8498
8625
9955
9565
7790
6391
5788
9331
8867
9337
5404
7126
7527
9407
5761
6421
9229
5522
7738
6987
7349
6728
6518
5965
9823
9498
5354
6953
5796
7435
9634
9613
9821
9844
5093
6044
8602
9476
9410
9008
9440
9609
9182
5318
6370
5337
6264
5701
9364
7102
8587
8739
6253
9125
5547
5731
6157
9816
8194
5420
9066
8985
6854
7250
5710
5479
7807
6082
8903
8151
6482
5256
6866
5575
8201
8399
9932
5367
6939
7571
8886
9646
7971
6790
7270
7929
9406
6618
8907
5090
7908
6013
6923
9694
6719
7744
5442
5040
6548
7192
9285
9712
9286
9340
5894
6479
5797
7098
8972
9630
5625
5553
8298
8034
6502
8195
8166
9344
7068
5728
9756
9104
5598
5339
6727
8925
5247
9269
9133
7149
7924
7172
5381
8238
8151
7677
5228
6758
6664
7912
9207
7790
6114
7257
8310
8910
9103
6250
7286
7816
5607
9869
6530
8306
6339
5331
8854
7843
8758
6457
9499
6890
6112
5526
8373
5348
6470
6460
8799
5417
8572
5690
7349
6628
6491
7107
7921
8540
5435
9137
6867
8112
6652
8881
7425
6502
5876
8296
6166
5254
5594
6564
6446
8372
5384
5171
8187
8824
5168
9151
5640
9592
8475
5146
8949
6137
8004
7312
7508
6042
9915
9953
5748
5650
9833
8205
7787
8532
7847
8776
5608
8458
7668
7052
7746
9887
7803
8434
9135
5137
6825
8293
8120
6024
8142
7307
5890
8211
5596
6464
5240
5494
7710
8254
6294
8319
9418
5685
7363
9747
7680
5729
5897
8907
7677
8776
9602
6997
9339
9542
7846
7621
8695
7245
8658
6925
7322
6647
8003
5835
5943
7798
8964
8895
8560
6452
5112
6841
6733
7419
5230
6137
6188
6618
8980
9393
7499
9625
9718
7781
5922
9170
9093
6952
7880
8097
7584
5351
8535
9223
6323
9047
9786
7259
5014
7382
9279
5529
6561
8079
9688
6314
8173
5012
8355
9020
6241
8240
5271
8915
5085
7728
7619
8372
9979
6120
7433
5062
6777
9031
9196
7428
8784
9161
6447
8791
9549
5955
6344
5541
8364
5878
5939
9770
5609
8045
7973
8616
8702
8880
7621
5305
7312
6867
9667
8872
9547
6975
7211
6515
6498
6131
6277
8263
5163
8617
8313
9979
8992
5276
7074
7556
8754
9872
6552
8672
6228
7060
5167
5584
9630
9370
6674
8058
7568
8662
5388
8690
9218
9153
9862
5233
6248
5704
5977
9945
9094
8692
8583
7302
5962
9899
9871
9702
5635
8466
8489
5679
9091
5369
8985
5508
5626
6230
8259
7041
9846
9152
5590
6978
7146
6562
7613
7435
8411
7629
5684
5843
8843
8777
7571
7398
8027
8734
8520
5343
9572
6650
7854
5675
9956
5454
6379
8630
8144
9019
6011
6649
9777
6437
9734
5436
5335
7349
7741
8328
6472
5112
7863
5429
9469
6462
5179
8058
6054
8280
9636
6003
5723
9193
7380
9503
6300
5632
9887
9388
5135
5883
6848
7149
6964
9447
9601
5596
7018
7613
9537
5512
7112
10001
8600
5452
6485
5401
8114
5870
9957
7011
5738
7858
5922
7307
9773
8300
5818
9155
5590
8832
8489
9083
7316
9427
5071
9583
5918
5055
8720
9723
8528
9666
5860
6084
7170
7794
6978
8100
5307
8431
8670
8590
8725
8794
5437
5381
6473
6003
5760
6272
5034
7231
9864
5987
7548
8167
9673
7331
9394
6345
8846
6323
7802
5659
8941
6802
7657
6102
6539
6894
7090
7933
7990
5613
8195
5055
6576
5247
8295
7069
8704
5868
7977
7180
6380
6354
9520
7140
7990
5428
5750
9838
6673
7205
9740
7124
8814
8338
6228
5670
8852
8088
5830
5744
5154
6349
8503
9588
5876
5046
6999
9577
7497
6638
5970
8753
7454
5239
8292
8547
7375
7615
7825
6548
7382
9467
5102
7236
9785
5024
5325
9687
7542
5612
5031
9105
9499
5329
7319
5485
8790
6879
9177
8257
5262
6068
8754
8193
6912
7270
5555
9127
8707
5706
9102
5133
9448
5553
6354
6922
5481
5319
6471
9393
7621
6024
8613
5177
8511
5120
6829
9129
6101
5652
6572
5895
6637
7343
6464
8036
6912
8009
9790
6059
9887
6249
5107
8010
9968
9582
9245
6353
8194
5508
9924
6471
6142
7325
5474
8925
5002
7594
7618
6572
9805
9303
7564
6876
8476
8246
7248
5639
9792
9898
7306
8283
6072
9029
6045
9185
8976
6186
5979
9221
6355
7994
9059
7559
6659
5486
9555
5135
8906
8708
5707
5364
7720
9701
5876
8052
6232
9389
5640
9625
10000
7967
8670
5670
7694
7225
7729
9094
6203
8330
5659
6836
6457
5358
8455
7791
5466
9113
7528
6962
8059
7519
8561
9867
9342
5388
9114
9301
5103
6891
6562
8921
7861
9134
7381
9131
6728
8047
9256
5914
5721
6557
8731
7780
6173
5091
8788
7764
8928
6315
6132
9007
5204
5447
5199
5959
6396
7684
8955
8337
6421
8366
8179
6665
9288
8047
5227
8414
9547
5508
7683
5594
7347
9493
8531
9957
7896
5626
8352
8107
8186
7854
8667
5326
8512
9632
8065
9621
7877
7881
5374
7025
9465
7084
5101
9083
7630
8867
7283
8254
9837
8310
8145
8333
7985
7309
9739
7949
6601
5541
6247
6546
5347
7988
5132
7398
9975
9099
6256
7507
7578
6666
9515
9487
5179
8877
8132
9435
8968
8334
7441
6288
7768
6565
8256
9961
6377
8112
5478
6989
5813
5772
6094
9548
5854
7537
7443
9562
6543
5485
7908
6701
7584
8880
7453
8989
5597
5451
9874
5546
5043
7413
5769
5943
6412
5081
9259
7097
7458
8410
8206
9965
9893
9685
7847
9268
7404
7924
6190
8623
5763
8248
6458
5545
8618
5153
6293
5900
6687
6473
9983
8878
9974
8779
9153
7999
6336
5887
9043
5596
7973
5813
7562
9790
8197
9063
8237
6404
6038
6702
7312
8699
5530
9136
8876
9831
7089
8338
6862
8583
5595
6363
7514
8707
7436
7939
6456
6865
9266
9437
6643
8269
9567
7942
8203
9802
7234
7330
8521
8241
6358
8987
9411
8865
5205
8743
7213
9118
6430
8207
8604
5414
6679
5401
6558
5074
7075
9747
5943
7207
5038
5728
6789
7964
6794
5724
7577
9278
7450
6155
8539
6039
8591
6037
9025
5394
8206
8116
8443
6137
8309
9090
6278
9442
5672
6960
8191
5663
8153
8026
6015
7365
5203
8131
9213
7782
9042
5035
7273
9266
9837
9448
9111
9275
8652
6539
7206
7040
6391
7980
5360
9662
5031
9931
5140
8985
6937
7391
8474
7139
5013
8361
7113
7715
5629
7905
9570
8811
9194
5883
7642
7178
9061
5026
6603
8052
5247
9641
8901
8060
9167
5432
8581
6003
8261
7296
8251
9446
7639
7244
8493
5460
7534
5874
6936
5040
6917
8902
7384
6898
8786
7330
7324
8823
7344
9737
8601
5007
5133
8639
9664
9901
7070
7223
7574
6367
6646
9494
8038
9608
7466
9976
8804
7307
9895
6575
7398
6086
6859
5208
8083
8508
5397
5837
7609
8829
8058
7472
8199
7495
8173
6510
6371
9553
5785
7441
5069
6556
5992
8796
5997
6488
5122
7269
7058
9376
5705
9222
6749
7366
7519
6228
5423
7946
5471
6177
6075
8164
7310
9815
8437
5778
7920
5396
9108
8211
6694
8241
5518
5751
8765
8165
8115
6476
6410
7620
5833
8673
8086
9277
7717
9691
9541
5301
5455
8739
9488
7722
5826
7641
7584
7133
9358
8423
5603
9824
6307
8240
8370
9901
6598
7095
9295
9178
6068
8084
8827
8512
5876
9010
5018
9622
7618
6284
7228
7890
6512
8734
6564
9928
9593
8736
5053
7025
6714
6708
9411
8920
8292
6452
6840
9725
6809
9736
6224
7657
8410
5899
9252
8519
7189
9642
8801
5355
9778
9934
8007
8991
7978
6047
8525
8474
6970
7206
8492
8711
8541
9774
7107
8525
8432
8185
5934
8024
8175
9719
7973
7504
7669
9780
9699
9473
8311
9732
9988
6808
8570
9565
9356
8058
5641
8953
7240
8646
8898
5407
6683
6595
5429
8040
5261
5824
8171
5823
5249